0
0.031407
0.0628141
0.0942211
0.125628
0.157035
0.188442
0.219849
0.251256
0.282663
0.31407
0.345477
0.376884
0.408291
0.439698
0.471106
0.502513
0.53392
0.565327
0.596734
0.628141
0.659548
0.690955
0.722362
0.753769
0.785176
0.816583
0.84799
0.879397
0.910804
0.942211
0.973618
1.00503
1.03643
1.06784
1.09925
1.13065
1.16206
1.19347
1.22487
1.25628
1.28769
1.3191
1.3505
1.38191
1.41332
1.44472
1.47613
1.50754
1.53894
1.57035
1.60176
1.63317
1.66457
1.69598
1.72739
1.75879
1.7902
1.82161
1.85302
1.88442
1.91583
1.94724
1.97864
2.01005
2.04146
2.07286
2.10427
2.13568
2.16709
2.19849
2.2299
2.26131
2.29271
2.32412
2.35553
2.38693
2.41834
2.44975
2.48116
2.51256
2.54397
2.57538
2.60678
2.63819
2.6696
2.70101
2.73241
2.76382
2.79523
2.82663
2.85804
2.88945
2.92085
2.95226
2.98367
3.01508
3.04648
3.07789
3.1093
