         0
         0
         0
         0
         0
         0
         0
         0
         0
0.00169699
0.000578942
0.00203855
0.00083289
0.00123309
0.00132991
0.00112991
0.000619524
0.00124953
0.000537231
0.00102063
0.00114706
0.00189438
  0.156824
0.00102125
0.00151567
0.00118378
0.000667387
0.00063747
0.00199896
0.00152436
0.00122051
0.000797967
0.000720416
0.000883232
0.00128488
0.000831256
0.00117128
0.00121821
0.00155922
0.00133956
0.00109686
0.00158204
0.00235682
0.000843199
0.00137626
0.00259454
0.00111358
0.00180619
0.00110203
0.00250123
0.00117292
0.00289139
0.00150917
0.00107208
0.00410377
0.00181149
0.00248734
0.00119488
0.00282919
0.00133135
0.00215958
  0.476682
0.00118917
0.00156429
 0.0016909
0.00172648
  0.330159
 0.0019411
0.00197756
0.00252817
0.00113408
0.00266751
0.00181255
0.00153856
0.00223362
0.00181185
  0.299077
  0.489254
  0.471745
0.00254231
0.00206413
0.00360073
0.00161184
 0.0033307
0.00147051
0.00130936
0.00173129
0.00168179
0.00295133
 0.0030291
0.00223577
 0.0011302
0.00202342
 0.0035242
0.00157799
0.00149227
0.00268005
0.00257532
0.000766886
0.00240723
