         0
         0
         0
         0
         0
         0
         0
         0
         0
0.00202279
0.000419507
0.00209276
0.000748303
0.00103533
0.00148453
0.00102563
0.000657242
0.00143103
0.000606607
0.00125055
0.00110087
0.00194209
  0.332228
0.000977715
0.00128836
0.00149661
0.000657242
0.000501977
0.00235618
0.00163456
0.00106579
0.00100991
0.00100991
0.00131448
0.00100991
0.00104111
0.00102563
0.00121321
0.00128369
0.00148453
0.00104111
0.00174807
0.00272166
0.000961212
0.00146964
0.00271798
0.000565664
0.00216047
0.00110087
 0.0027246
0.00114363
0.00235193
0.00153747
0.00112956
0.00405496
0.00220536
0.00203953
0.00147371
0.00247538
0.00138414
0.00130838
  0.483814
0.00142543
0.00110268
0.00144078
0.00182421
   0.33143
0.00209754
0.00168635
 0.0034034
0.00121156
0.00299788
0.00151652
0.00180215
0.00275888
0.00189307
  0.328645
  0.499306
  0.436199
0.00299321
0.00280489
 0.0035303
0.00125055
0.00353653
0.00189202
0.00167684
0.00174807
0.00169227
0.00271209
 0.0034034
0.00262592
0.000993943
0.00270027
0.00425565
0.00208606
0.00150593
0.00231075
0.00272386
0.000712714
0.00293655
