         0
         0
         0
         0
         0
         0
         0
         0
         0
0.00129778
0.000442255
0.00176239
0.000749183
0.000907828
  0.001048
0.00101292
0.000581107
0.00114738
0.000492339
0.00088001
0.00111035
0.00143584
0.00130453
0.000798335
0.00155046
0.000754741
0.000659909
0.000545494
0.00181819
0.00161967
0.00119414
0.000606445
0.000589674
0.000720462
0.00123627
0.00076846
 0.0012039
0.000730543
0.00161579
0.00129327
0.00109653
0.00156561
0.00103294
0.000842153
 0.0011774
0.00269487
0.000846608
0.000946812
0.00106364
0.00190265
  0.001188
0.00289812
 0.0010908
0.00095341
0.00313656
0.00128207
0.00260617
0.00113952
0.00249098
0.00120216
0.00229265
  0.437111
0.00108811
 0.0013542
0.00173744
0.00161722
0.00364028
0.00193618
0.00201498
 0.0023803
0.00114318
0.00278531
0.00192025
0.00156561
0.00194448
0.00153215
0.00233134
  0.463784
  0.486103
0.00265621
0.00138999
0.00306478
0.00164629
0.00247118
0.00134646
0.00129343
0.00178607
0.00139359
0.00291644
0.00319118
 0.0022633
0.00109748
 0.0016879
0.00241516
 0.0013432
 0.0014386
0.00232056
0.00243841
0.000758056
0.00203223
